0  2
648  649  
1  6
585  586  646  647  650  651  
2  6
583  584  587  588  645  652  
3  8
524  525  526  527  582  589  644  653  
4  12
466  467  468  469  522  523  528  529  581  590  643  654  
5  9
415  416  465  470  521  530  580  591  642  
6  12
365  366  413  414  417  418  464  471  520  531  579  592  
7  9
363  364  367  368  412  419  463  472  641  
8  15
320  321  322  323  362  369  411  420  462  473  519  532  578  593  640  
9  8
277  278  279  280  319  324  518  533  
10  15
238  239  276  281  318  325  361  370  410  421  461  474  577  594  639  
11  15
200  201  236  237  240  241  275  282  317  326  371  409  422  517  534  
12  10
199  202  360  408  423  460  475  576  595  638  
13  14
167  168  169  170  198  203  235  242  274  283  316  327  516  535  
14  21
136  137  138  139  166  171  197  204  234  243  273  284  359  372  407  424  459  476  575  596  637  
15  12
109  110  135  140  165  172  233  244  315  328  515  536  
16  14
83  84  108  111  196  205  272  285  358  373  458  477  574  597  
17  17
82  85  107  112  134  141  164  173  232  245  314  329  406  425  514  537  636  
18  15
63  64  86  106  113  195  206  271  286  357  374  457  478  573  598  
19  18
44  45  62  65  81  133  142  163  174  231  246  313  330  405  426  513  538  635  
20  10
28  29  43  46  61  66  105  114  356  375  
21  27
27  30  42  47  80  87  132  143  162  175  194  207  230  247  270  287  312  331  404  427  456  479  512  539  572  599  634  
22  8
14  15  26  31  60  67  104  115  
23  20
6  7  13  16  41  48  79  88  131  144  193  208  269  288  355  376  455  480  571  600  
24  19
5  8  25  32  59  68  103  116  161  176  229  248  311  332  403  428  511  540  633  
25  20
1  4  17  24  49  58  89  102  145  160  209  228  289  310  377  402  481  510  601  632  
26  20
2  3  9  12  33  40  69  78  117  130  177  192  249  268  333  354  429  454  541  570  
27  8
10  11  18  23  50  57  90  101  
28  28
19  22  34  39  70  77  118  129  146  159  178  191  210  227  250  267  290  309  378  401  430  453  482  509  542  569  602  631  
29  10
20  21  35  38  51  56  91  100  334  353  
30  19
36  37  52  55  71  119  128  147  158  211  226  291  308  379  400  483  508  603  630  
31  15
53  54  76  92  99  179  190  251  266  335  352  431  452  543  568  
32  18
72  75  93  98  120  127  148  157  212  225  292  307  380  399  484  507  604  629  
33  14
73  74  94  97  180  189  252  265  336  351  432  451  544  567  
34  12
95  96  121  126  149  156  213  224  293  306  485  506  
35  22
122  123  124  125  150  155  181  188  214  223  253  264  337  350  381  398  433  450  545  566  605  628  
36  14
151  152  153  154  182  187  215  222  254  263  294  305  486  505  
37  11
183  186  338  382  397  434  449  546  565  606  627  
38  15
184  185  216  217  220  221  255  262  295  304  349  383  396  487  504  
39  16
218  219  256  261  296  303  339  348  384  395  435  448  547  564  607  626  
40  8
257  258  259  260  297  302  488  503  
41  16
298  299  300  301  340  347  385  394  436  447  489  502  548  563  608  625  
42  10
341  342  345  346  386  393  437  446  609  624  
43  12
343  344  387  388  391  392  438  445  490  501  549  562  
44  10
389  390  439  444  491  500  550  561  610  623  
45  12
440  441  442  443  492  493  498  499  551  560  611  622  
46  8
494  495  496  497  552  559  612  621  
47  6
553  554  557  558  613  620  
48  6
555  556  614  615  618  619  
49  2
616  617  
-1  -1
0 0
