0   0.0883875
1   0.0883875
2   0.0883875
3   0.0883875
4   0.0883875
5   0.0883875
6   0.0883875
7   0.0883875
8   0.102953
9   0.102953
10   0.102953
11   0.102953
12   0.102953
13   0.102953
14   0.102953
15   0.102953
16   0.09567
17   0.0956733
18   0.0956733
19   0.09567
20   0.09567
21   0.0956733
22   0.0956733
23   0.09567
24   0.09567
25   0.0956733
26   0.0956733
27   0.09567
28   0.09567
29   0.0956733
30   0.0956733
31   0.09567
32   0.0992676
33   0.101065
34   0.101065
35   0.0992676
36   0.0992676
37   0.101065
38   0.101065
39   0.0992676
40   0.0992676
41   0.101065
42   0.101065
43   0.0992676
44   0.0992676
45   0.101065
46   0.101065
47   0.0992676
48   0.115883
49   0.113721
50   0.112978
51   0.113721
52   0.115883
53   0.115883
54   0.113721
55   0.112978
56   0.113721
57   0.115883
58   0.115883
59   0.113721
60   0.112978
61   0.113721
62   0.115883
63   0.115883
64   0.113721
65   0.112978
66   0.113721
67   0.115883
68   0.120604
69   0.121538
70   0.118712
71   0.121538
72   0.120604
73   0.120604
74   0.121538
75   0.118712
76   0.121538
77   0.120604
78   0.120604
79   0.121538
80   0.118712
81   0.121538
82   0.120604
83   0.120604
84   0.121538
85   0.118712
86   0.121538
87   0.120604
88   0.11126
89   0.109239
90   0.109913
91   0.113303
92   0.109913
93   0.109239
94   0.11126
95   0.11126
96   0.109239
97   0.109913
98   0.113303
99   0.109913
100   0.109239
101   0.11126
102   0.11126
103   0.109239
104   0.109913
105   0.113303
106   0.109913
107   0.109239
108   0.11126
109   0.11126
110   0.109239
111   0.109913
112   0.113303
113   0.109913
114   0.109239
115   0.11126
116   0.112797
117   0.113913
118   0.114552
119   0.114788
120   0.114552
121   0.113913
122   0.112797
123   0.112797
124   0.113913
125   0.114552
126   0.114788
127   0.114552
128   0.113913
129   0.112797
130   0.112797
131   0.113913
132   0.114552
133   0.114788
134   0.114552
135   0.113913
136   0.112797
137   0.112797
138   0.113913
139   0.114552
140   0.114788
141   0.114552
142   0.113913
143   0.112797
144   0.121932
145   0.120775
146   0.120006
147   0.119625
148   0.119625
149   0.120006
150   0.120775
151   0.121932
152   0.121932
153   0.120775
154   0.120006
155   0.119625
156   0.119625
157   0.120006
158   0.120775
159   0.121932
160   0.121932
161   0.120775
162   0.120006
163   0.119625
164   0.119625
165   0.120006
166   0.120775
167   0.121932
168   0.121932
169   0.120775
170   0.120006
171   0.119625
172   0.119625
173   0.120006
174   0.120775
175   0.121932
176   0.124197
177   0.125335
178   0.125318
179   0.12422
180   0.12422
181   0.125318
182   0.125335
183   0.124197
184   0.124197
185   0.125335
186   0.125318
187   0.12422
188   0.12422
189   0.125318
190   0.125335
191   0.124197
192   0.124197
193   0.125335
194   0.125318
195   0.12422
196   0.12422
197   0.125318
198   0.125335
199   0.124197
200   0.124197
201   0.125335
202   0.125318
203   0.12422
204   0.12422
205   0.125318
206   0.125335
207   0.124197
208   0.117325
209   0.115965
210   0.115525
211   0.115969
212   0.117309
213   0.117309
214   0.115969
215   0.115525
216   0.115965
217   0.117325
218   0.117325
219   0.115965
220   0.115525
221   0.115969
222   0.117309
223   0.117309
224   0.115969
225   0.115525
226   0.115965
227   0.117325
228   0.117325
229   0.115965
230   0.115525
231   0.115969
232   0.117309
233   0.117309
234   0.115969
235   0.115525
236   0.115965
237   0.117325
238   0.117325
239   0.115965
240   0.115525
241   0.115969
242   0.117309
243   0.117309
244   0.115969
245   0.115525
246   0.115965
247   0.117325
248   0.118161
249   0.118824
250   0.119354
251   0.119658
252   0.119834
253   0.119834
254   0.119658
255   0.119354
256   0.118824
257   0.118161
258   0.118161
259   0.118824
260   0.119354
261   0.119658
262   0.119834
263   0.119834
264   0.119658
265   0.119354
266   0.118824
267   0.118161
268   0.118161
269   0.118824
270   0.119354
271   0.119658
272   0.119834
273   0.119834
274   0.119658
275   0.119354
276   0.118824
277   0.118161
278   0.118161
279   0.118824
280   0.119354
281   0.119658
282   0.119834
283   0.119834
284   0.119658
285   0.119354
286   0.118824
287   0.118161
288   0.124525
289   0.123836
290   0.123303
291   0.122902
292   0.122683
293   0.122614
294   0.122683
295   0.122902
296   0.123303
297   0.123836
298   0.124525
299   0.124525
300   0.123836
301   0.123303
302   0.122902
303   0.122683
304   0.122614
305   0.122683
306   0.122902
307   0.123303
308   0.123836
309   0.124525
310   0.124525
311   0.123836
312   0.123303
313   0.122902
314   0.122683
315   0.122614
316   0.122683
317   0.122902
318   0.123303
319   0.123836
320   0.124525
321   0.124525
322   0.123836
323   0.123303
324   0.122902
325   0.122683
326   0.122614
327   0.122683
328   0.122902
329   0.123303
330   0.123836
331   0.124525
332   0.125835
333   0.126707
334   0.127075
335   0.126906
336   0.126347
337   0.125245
338   0.126347
339   0.126906
340   0.127075
341   0.126707
342   0.125835
343   0.125835
344   0.126707
345   0.127075
346   0.126906
347   0.126347
348   0.125245
349   0.126347
350   0.126906
351   0.127075
352   0.126707
353   0.125835
354   0.125835
355   0.126707
356   0.127075
357   0.126906
358   0.126347
359   0.125245
360   0.126347
361   0.126906
362   0.127075
363   0.126707
364   0.125835
365   0.125835
366   0.126707
367   0.127075
368   0.126906
369   0.126347
370   0.125245
371   0.126347
372   0.126906
373   0.127075
374   0.126707
375   0.125835
376   0.120538
377   0.119604
378   0.119118
379   0.119017
380   0.119322
381   0.120022
382   0.12113
383   0.120022
384   0.119322
385   0.119017
386   0.119118
387   0.119604
388   0.120538
389   0.120538
390   0.119604
391   0.119118
392   0.119017
393   0.119322
394   0.120022
395   0.12113
396   0.120022
397   0.119322
398   0.119017
399   0.119118
400   0.119604
401   0.120538
402   0.120538
403   0.119604
404   0.119118
405   0.119017
406   0.119322
407   0.120022
408   0.12113
409   0.120022
410   0.119322
411   0.119017
412   0.119118
413   0.119604
414   0.120538
415   0.120538
416   0.119604
417   0.119118
418   0.119017
419   0.119322
420   0.120022
421   0.12113
422   0.120022
423   0.119322
424   0.119017
425   0.119118
426   0.119604
427   0.120538
428   0.121451
429   0.122088
430   0.122441
431   0.122531
432   0.122308
433   0.121802
434   0.121028
435   0.121802
436   0.122308
437   0.122531
438   0.122441
439   0.122088
440   0.121451
441   0.121451
442   0.122088
443   0.122441
444   0.122531
445   0.122308
446   0.121802
447   0.121028
448   0.121802
449   0.122308
450   0.122531
451   0.122441
452   0.122088
453   0.121451
454   0.121451
455   0.122088
456   0.122441
457   0.122531
458   0.122308
459   0.121802
460   0.121028
461   0.121802
462   0.122308
463   0.122531
464   0.122441
465   0.122088
466   0.121451
467   0.121451
468   0.122088
469   0.122441
470   0.122531
471   0.122308
472   0.121802
473   0.121028
474   0.121802
475   0.122308
476   0.122531
477   0.122441
478   0.122088
479   0.121451
480   0.117595
481   0.116919
482   0.116502
483   0.116307
484   0.116388
485   0.116667
486   0.117249
487   0.118051
488   0.117249
489   0.116667
490   0.116388
491   0.116307
492   0.116502
493   0.116919
494   0.117595
495   0.117595
496   0.116919
497   0.116502
498   0.116307
499   0.116388
500   0.116667
501   0.117249
502   0.118051
503   0.117249
504   0.116667
505   0.116388
506   0.116307
507   0.116502
508   0.116919
509   0.117595
510   0.117595
511   0.116919
512   0.116502
513   0.116307
514   0.116388
515   0.116667
516   0.117249
517   0.118051
518   0.117249
519   0.116667
520   0.116388
521   0.116307
522   0.116502
523   0.116919
524   0.117595
525   0.117595
526   0.116919
527   0.116502
528   0.116307
529   0.116388
530   0.116667
531   0.117249
532   0.118051
533   0.117249
534   0.116667
535   0.116388
536   0.116307
537   0.116502
538   0.116919
539   0.117595
540   0.11798
541   0.118283
542   0.118571
543   0.118785
544   0.118992
545   0.119093
546   0.119196
547   0.1192
548   0.119196
549   0.119093
550   0.118992
551   0.118785
552   0.118571
553   0.118283
554   0.11798
555   0.11798
556   0.118283
557   0.118571
558   0.118785
559   0.118992
560   0.119093
561   0.119196
562   0.1192
563   0.119196
564   0.119093
565   0.118992
566   0.118785
567   0.118571
568   0.118283
569   0.11798
570   0.11798
571   0.118283
572   0.118571
573   0.118785
574   0.118992
575   0.119093
576   0.119196
577   0.1192
578   0.119196
579   0.119093
580   0.118992
581   0.118785
582   0.118571
583   0.118283
584   0.11798
585   0.11798
586   0.118283
587   0.118571
588   0.118785
589   0.118992
590   0.119093
591   0.119196
592   0.1192
593   0.119196
594   0.119093
595   0.118992
596   0.118785
597   0.118571
598   0.118283
599   0.11798
600   0.122523
601   0.122195
602   0.121886
603   0.121657
604   0.12148
605   0.121354
606   0.121232
607   0.12119
608   0.12119
609   0.121232
610   0.121354
611   0.12148
612   0.121657
613   0.121886
614   0.122195
615   0.122523
616   0.122523
617   0.122195
618   0.121886
619   0.121657
620   0.12148
621   0.121354
622   0.121232
623   0.12119
624   0.12119
625   0.121232
626   0.121354
627   0.12148
628   0.121657
629   0.121886
630   0.122195
631   0.122523
632   0.122523
633   0.122195
634   0.121886
635   0.121657
636   0.12148
637   0.121354
638   0.121232
639   0.12119
640   0.12119
641   0.121232
642   0.121354
643   0.12148
644   0.121657
645   0.121886
646   0.122195
647   0.122523
648   0.122523
649   0.122195
650   0.121886
651   0.121657
652   0.12148
653   0.121354
654   0.121232
655   0.12119
656   0.12119
657   0.121232
658   0.121354
659   0.12148
660   0.121657
661   0.121886
662   0.122195
663   0.122523
-1    0
  